0.014666666666666668
0.060438690476190465
0.014112499999999984
0.032133333333333285
0.05816666666666666
0.05160595238095239
0.015624999999999998
0.2735499999999999
0.0521965909090909
0.026533333333333305
0.0007666666666666667
0.03932222222222223
0.08341401515151516
0.023562499999999997
0.02640972222222222
0.004144444444444449
0.03855833333333335
0.0371625
0.043975252525252535
0.049458333333333396
0.019612500000000005
0.04073636363636364
0.06263750000000003
0.022899722222222224
0.02133333333333334
0.03806805555555555
0.014716666666666668
0.0699125
0.07948611111111113
0.019866666666666654
0.03444999999999999
0.0340875
0.036540277777777797
0.08346388888888889
0.020066287878787885
0.059012500000000016
0.02449166666666667
0.010511111111111112
0.015808333333333334
0.02806666666666667
0.021037500000000004
0.022937500000000003
0.04309305555555555
0.05536250000000003
0.034137499999999994
0.022499999999999985
0.02259583333333333
0.01639999999999999
0.017645833333333333
0.006433333333333334
0.0062375
0.0674661616161616
0.022783333333333326
0.004833333333333335
0.024579797979797976
0.03816666666666668
0.029866666666666673
0.04611
0.08129722222222219
0.05371464646464647
0.018995833333333323
0.025333333333333298
0.0242825
0.01646666666666667
0.0029000000000000015
0.028812500000000005
0.0293
0.04299583333333334
0.0882388888888889
0.0558875
0.01595416666666667
0.07261275252525251
0.026370833333333336
0.01643611111111111
0.07679999999999994
0.037670833333333334
0.013299999999999998
0.019139772727272724
0.04719583333333333
0.029691666666666686
0.14896250000000003
0.0424388888888889
0.06748750000000003
0.04837083333333333
0.010819696969696974
0.04076666666666665
0.053865530303030304
0.014563333333333334
0.08419166666666668
0.09571654040404039
0.004566666666666667
0.03592083333333335
0.04496666666666666
0.05886666666666666
0.014133333333333333
0.03996666666666668
0.08633333333333332
0.037777651515151514
0.020800000000000003
0.0158625
